a <- c(1,2,3,4)
b <- c(3, 4, 5 ,6)
c <- 13271307